station_id,station_name,elevation_m,latitude,longitude,year,month,tmean_c_month,tmax_c_month,tmin_c_month,dtr_c_month,precip_mm_month,n_days_month
khaishi,Khaishi,700.0,42.57,42.11,1955,1,3.096774193548387,6.483870967741935,0.8967741935483872,5.587096774193548,40.900000000000006,31
khaishi,Khaishi,700.0,42.57,42.11,1955,2,4.060714285714286,8.003571428571428,1.542857142857143,6.460714285714286,157.4,28
khaishi,Khaishi,700.0,42.57,42.11,1955,3,6.541935483870968,13.070967741935483,2.3548387096774195,10.716129032258063,103.1,31
khaishi,Khaishi,700.0,42.57,42.11,1955,4,10.47,17.216666666666665,6.7,10.516666666666667,87.89999999999999,30
khaishi,Khaishi,700.0,42.57,42.11,1955,5,15.53225806451613,22.77741935483871,10.470967741935485,12.306451612903226,78.6,31
khaishi,Khaishi,700.0,42.57,42.11,1955,6,19.63,26.470000000000002,14.263333333333332,12.206666666666667,20.9,30
khaishi,Khaishi,700.0,42.57,42.11,1955,7,20.9,27.603225806451615,16.24838709677419,11.35483870967742,157.0,31
khaishi,Khaishi,700.0,42.57,42.11,1955,8,20.041935483870965,26.59032258064516,15.490322580645161,11.100000000000001,98.4,31
khaishi,Khaishi,700.0,42.57,42.11,1955,9,17.36,24.470000000000002,12.803333333333335,11.666666666666666,87.1,30
khaishi,Khaishi,700.0,42.57,42.11,1955,10,12.951612903225806,19.212903225806453,9.470967741935485,9.741935483870968,90.65,31
khaishi,Khaishi,700.0,42.57,42.11,1955,11,6.576666666666667,10.393333333333334,4.463333333333334,5.930000000000001,223.60000000000002,30
khaishi,Khaishi,700.0,42.57,42.11,1955,12,0.7645161290322581,3.1580645161290324,-1.0903225806451613,4.248387096774193,223.2,31
khaishi,Khaishi,700.0,42.57,42.11,1956,1,0.7774193548387097,3.806451612903226,-1.3806451612903226,5.187096774193549,66.2,31
khaishi,Khaishi,700.0,42.57,42.11,1956,2,0.9241379310344828,4.141379310344828,-1.393103448275862,5.5344827586206895,172.0,29
khaishi,Khaishi,700.0,42.57,42.11,1956,3,1.8935483870967742,6.706451612903226,-0.9870967741935485,7.693548387096774,84.1,31
khaishi,Khaishi,700.0,42.57,42.11,1956,4,10.103333333333333,18.44333333333333,5.043333333333334,13.4,57.0,30
khaishi,Khaishi,700.0,42.57,42.11,1956,5,12.14516129032258,18.74516129032258,7.632258064516129,11.112903225806452,88.4,31
khaishi,Khaishi,700.0,42.57,42.11,1956,6,17.55666666666667,24.73,12.266666666666667,12.463333333333333,133.0,30
khaishi,Khaishi,700.0,42.57,42.11,1956,7,18.425806451612903,24.261290322580646,13.932258064516128,10.329032258064515,128.95,31
khaishi,Khaishi,700.0,42.57,42.11,1956,8,21.41290322580645,28.938709677419357,16.129032258064516,12.80967741935484,28.3,31
khaishi,Khaishi,700.0,42.57,42.11,1956,9,13.893333333333334,20.19333333333333,10.06,10.133333333333333,204.7,30
khaishi,Khaishi,700.0,42.57,42.11,1956,10,9.206451612903225,15.964516129032257,5.787096774193548,10.17741935483871,114.3,31
khaishi,Khaishi,700.0,42.57,42.11,1956,11,2.6199999999999997,5.1066666666666665,0.5066666666666666,4.6,235.7,30
khaishi,Khaishi,700.0,42.57,42.11,1956,12,-0.732258064516129,1.8645161290322583,-2.8419354838709676,4.706451612903226,95.10000000000001,31
khaishi,Khaishi,700.0,42.57,42.11,1957,1,-1.7903225806451613,1.367741935483871,-4.325806451612903,5.693548387096774,81.3,31
khaishi,Khaishi,700.0,42.57,42.11,1957,2,2.707142857142857,7.471428571428571,-0.10357142857142858,7.575,37.6,28
khaishi,Khaishi,700.0,42.57,42.11,1957,3,4.064516129032258,9.374193548387098,0.6193548387096774,8.754838709677419,151.20000000000002,31
khaishi,Khaishi,700.0,42.57,42.11,1957,4,12.639999999999999,20.82,6.989999999999999,13.83,7.85,30
khaishi,Khaishi,700.0,42.57,42.11,1957,5,16.051612903225806,23.458064516129035,11.051612903225807,12.406451612903227,76.05,31
khaishi,Khaishi,700.0,42.57,42.11,1957,6,19.203333333333333,26.66,13.523333333333333,13.136666666666667,105.10000000000001,30
khaishi,Khaishi,700.0,42.57,42.11,1957,7,21.641935483870967,28.68064516129032,15.651612903225805,13.029032258064515,31.6,31
khaishi,Khaishi,700.0,42.57,42.11,1957,8,22.23225806451613,29.887096774193548,16.858064516129033,13.029032258064515,74.4,31
khaishi,Khaishi,700.0,42.57,42.11,1957,9,19.083333333333332,27.206666666666667,14.196666666666665,13.01,88.3,30
khaishi,Khaishi,700.0,42.57,42.11,1957,10,10.874193548387098,17.741935483870968,7.483870967741935,10.258064516129032,56.300000000000004,31
khaishi,Khaishi,700.0,42.57,42.11,1957,11,6.2,9.763333333333332,3.7866666666666666,5.9766666666666675,82.8,30
khaishi,Khaishi,700.0,42.57,42.11,1957,12,3.1193548387096777,5.458064516129032,1.2419354838709677,4.216129032258064,186.8,31
khaishi,Khaishi,700.0,42.57,42.11,1958,1,2.3225806451612905,4.912903225806452,0.3774193548387097,4.535483870967742,210.6,31
khaishi,Khaishi,700.0,42.57,42.11,1958,2,1.5071428571428573,5.928571428571429,-1.2107142857142856,7.139285714285714,122.0,28
khaishi,Khaishi,700.0,42.57,42.11,1958,3,4.974193548387096,9.54516129032258,2.0903225806451613,7.45483870967742,230.3,31
khaishi,Khaishi,700.0,42.57,42.11,1958,4,9.803333333333335,16.69,5.716666666666667,10.973333333333333,155.0,30
khaishi,Khaishi,700.0,42.57,42.11,1958,5,17.41290322580645,26.029032258064515,10.87741935483871,15.151612903225805,25.05,31
khaishi,Khaishi,700.0,42.57,42.11,1958,6,18.433333333333334,25.433333333333334,12.986666666666668,12.446666666666665,134.6,30
khaishi,Khaishi,700.0,42.57,42.11,1958,7,19.4,25.274193548387096,14.774193548387096,10.5,98.3,31
khaishi,Khaishi,700.0,42.57,42.11,1958,8,20.758064516129032,27.629032258064516,15.803225806451612,11.825806451612904,44.2,31
khaishi,Khaishi,700.0,42.57,42.11,1958,9,15.353333333333333,21.026666666666664,12.120000000000001,8.906666666666666,149.8,30
khaishi,Khaishi,700.0,42.57,42.11,1958,10,10.077419354838709,16.70967741935484,6.577419354838709,10.13225806451613,49.3,31
khaishi,Khaishi,700.0,42.57,42.11,1958,11,4.95,9.536666666666667,2.1866666666666665,7.35,14.5,30
khaishi,Khaishi,700.0,42.57,42.11,1958,12,1.103225806451613,3.8677419354838714,-1.1774193548387097,5.04516129032258,129.70000000000002,31
khaishi,Khaishi,700.0,42.57,42.11,1959,1,2.4129032258064513,5.287096774193548,0.21612903225806449,5.070967741935483,113.10000000000001,31
khaishi,Khaishi,700.0,42.57,42.11,1959,2,-3.2785714285714285,1.025,-6.4678571428571425,7.492857142857143,125.8,28
khaishi,Khaishi,700.0,42.57,42.11,1959,3,3.5903225806451613,9.412903225806453,0.035483870967741936,9.37741935483871,30.700000000000003,31
khaishi,Khaishi,700.0,42.57,42.11,1959,4,10.520000000000001,18.226666666666667,6.14,12.086666666666668,132.8,30
khaishi,Khaishi,700.0,42.57,42.11,1959,5,14.83548387096774,21.983870967741936,10.35483870967742,11.629032258064516,81.9,31
khaishi,Khaishi,700.0,42.57,42.11,1959,6,17.90666666666667,24.773333333333333,12.996666666666668,11.776666666666667,57.3,30
khaishi,Khaishi,700.0,42.57,42.11,1959,7,22.051612903225806,28.9741935483871,16.651612903225807,12.32258064516129,85.9,31
khaishi,Khaishi,700.0,42.57,42.11,1959,8,19.81935483870968,26.799999999999997,15.051612903225807,11.748387096774193,74.5,31
khaishi,Khaishi,700.0,42.57,42.11,1959,9,12.543333333333333,18.336666666666666,8.83,9.506666666666666,187.4,30
khaishi,Khaishi,700.0,42.57,42.11,1959,10,7.816129032258065,13.438709677419356,4.558064516129033,8.880645161290323,129.8,31
khaishi,Khaishi,700.0,42.57,42.11,1959,11,6.4366666666666665,10.343333333333334,4.126666666666667,6.216666666666667,39.6,30
khaishi,Khaishi,700.0,42.57,42.11,1959,12,3.370967741935484,6.570967741935483,1.2677419354838708,5.303225806451613,119.3,31
khaishi,Khaishi,700.0,42.57,42.11,1960,1,2.638709677419355,5.890322580645161,0.6387096774193549,5.251612903225807,140.7,31
khaishi,Khaishi,700.0,42.57,42.11,1960,2,1.0551724137931036,5.372413793103449,-1.9827586206896552,7.355172413793104,186.1,29
khaishi,Khaishi,700.0,42.57,42.11,1960,3,5.122580645161291,11.696774193548388,1.0838709677419356,10.612903225806452,53.3,31
khaishi,Khaishi,700.0,42.57,42.11,1960,4,10.26,16.356666666666666,5.8,10.556666666666667,99.6,30
khaishi,Khaishi,700.0,42.57,42.11,1960,5,15.506451612903225,23.62258064516129,10.529032258064516,13.093548387096773,78.45,31
khaishi,Khaishi,700.0,42.57,42.11,1960,6,17.853333333333335,24.896666666666665,13.196666666666665,11.7,108.95,30
khaishi,Khaishi,700.0,42.57,42.11,1960,7,20.387096774193548,28.138709677419357,15.041935483870969,13.096774193548388,113.30000000000001,31
khaishi,Khaishi,700.0,42.57,42.11,1960,8,18.374193548387098,25.138709677419353,14.116129032258065,11.022580645161291,112.4,31
khaishi,Khaishi,700.0,42.57,42.11,1960,9,16.47,23.9,12.056666666666667,11.843333333333334,29.299999999999997,30
khaishi,Khaishi,700.0,42.57,42.11,1960,10,11.64516129032258,17.9,8.12258064516129,9.77741935483871,107.45,31
khaishi,Khaishi,700.0,42.57,42.11,1960,11,7.02,11.523333333333333,4.38,7.1433333333333335,51.25,30
khaishi,Khaishi,700.0,42.57,42.11,1960,12,2.5064516129032257,6.312903225806451,0.31290322580645163,6.0,79.2,31
khaishi,Khaishi,700.0,42.57,42.11,1961,1,-1.2548387096774194,2.274193548387097,-3.4612903225806453,5.735483870967743,140.9,31
khaishi,Khaishi,700.0,42.57,42.11,1961,2,0.9857142857142858,5.510714285714286,-1.5964285714285713,7.107142857142857,10.35,28
khaishi,Khaishi,700.0,42.57,42.11,1961,3,2.958064516129032,8.432258064516128,-0.4096774193548387,8.841935483870968,115.65,31
khaishi,Khaishi,700.0,42.57,42.11,1961,4,10.74,18.30666666666667,5.9,12.406666666666666,153.35,30
khaishi,Khaishi,700.0,42.57,42.11,1961,5,15.47741935483871,23.151612903225807,11.025806451612903,12.125806451612902,113.75,31
khaishi,Khaishi,700.0,42.57,42.11,1961,6,19.026666666666664,26.293333333333333,14.033333333333333,12.26,104.5,30
khaishi,Khaishi,700.0,42.57,42.11,1961,7,19.787096774193547,25.861290322580647,15.66451612903226,10.196774193548388,136.25,31
khaishi,Khaishi,700.0,42.57,42.11,1961,8,20.6,28.070967741935487,15.451612903225806,12.619354838709677,18.1,31
khaishi,Khaishi,700.0,42.57,42.11,1961,9,14.593333333333334,21.08,10.576666666666666,10.503333333333334,109.95,30
khaishi,Khaishi,700.0,42.57,42.11,1961,10,10.17741935483871,16.53548387096774,6.470967741935484,10.064516129032258,60.150000000000006,31
khaishi,Khaishi,700.0,42.57,42.11,1961,11,6.433333333333334,9.9,3.8733333333333335,6.026666666666667,146.4,30
khaishi,Khaishi,700.0,42.57,42.11,1961,12,3.864516129032258,6.72258064516129,1.974193548387097,4.748387096774193,145.55,31
khaishi,Khaishi,700.0,42.57,42.11,1962,1,0.34838709677419355,3.7548387096774194,-2.0258064516129033,5.780645161290322,107.15,31
khaishi,Khaishi,700.0,42.57,42.11,1962,2,1.917857142857143,6.2749999999999995,-0.9964285714285713,7.271428571428571,76.0,28
khaishi,Khaishi,700.0,42.57,42.11,1962,3,7.412903225806452,14.416129032258066,3.5451612903225804,10.870967741935484,74.25,31
khaishi,Khaishi,700.0,42.57,42.11,1962,4,10.796666666666665,18.03666666666667,5.996666666666667,12.04,60.199999999999996,30
khaishi,Khaishi,700.0,42.57,42.11,1962,5,15.119354838709677,23.129032258064516,9.441935483870967,13.687096774193549,95.5,31
khaishi,Khaishi,700.0,42.57,42.11,1962,6,18.293333333333333,26.076666666666664,12.29,13.786666666666667,44.95,30
khaishi,Khaishi,700.0,42.57,42.11,1962,7,21.835483870967742,28.47741935483871,16.567741935483873,11.90967741935484,84.7,31
khaishi,Khaishi,700.0,42.57,42.11,1962,8,21.016129032258064,28.603225806451615,15.306451612903226,13.296774193548387,104.15,31
khaishi,Khaishi,700.0,42.57,42.11,1962,9,16.62333333333333,24.996666666666666,11.423333333333334,13.573333333333332,42.9,30
khaishi,Khaishi,700.0,42.57,42.11,1962,10,10.961290322580645,17.364516129032257,6.97741935483871,10.387096774193548,137.0,31
khaishi,Khaishi,700.0,42.57,42.11,1962,11,7.84,12.556666666666667,4.98,7.576666666666667,19.85,30
khaishi,Khaishi,700.0,42.57,42.11,1962,12,3.42258064516129,6.300000000000001,1.1774193548387097,5.122580645161291,313.9,31
khaishi,Khaishi,700.0,42.57,42.11,1963,1,1.8419354838709678,4.493548387096775,-0.39032258064516134,4.883870967741935,354.35,31
khaishi,Khaishi,700.0,42.57,42.11,1963,2,4.167857142857143,8.625,1.1392857142857142,7.485714285714286,90.85000000000001,28
khaishi,Khaishi,700.0,42.57,42.11,1963,3,3.4451612903225803,8.819354838709677,-0.47096774193548385,9.290322580645162,117.45,31
khaishi,Khaishi,700.0,42.57,42.11,1963,4,9.976666666666667,16.673333333333332,5.796666666666667,10.876666666666667,59.35,30
khaishi,Khaishi,700.0,42.57,42.11,1963,5,14.54516129032258,21.52258064516129,10.141935483870967,11.380645161290323,78.2,31
khaishi,Khaishi,700.0,42.57,42.11,1963,6,16.676666666666666,23.323333333333334,12.083333333333334,11.24,183.5,30
khaishi,Khaishi,700.0,42.57,42.11,1963,7,20.67096774193548,26.183870967741935,15.790322580645162,10.393548387096773,101.9,31
khaishi,Khaishi,700.0,42.57,42.11,1963,8,20.429032258064513,26.993548387096773,15.274193548387096,11.719354838709679,20.8,31
khaishi,Khaishi,700.0,42.57,42.11,1963,9,17.03666666666667,23.91,12.683333333333334,11.226666666666667,122.35,30
khaishi,Khaishi,700.0,42.57,42.11,1963,10,11.36774193548387,17.690322580645162,7.948387096774193,9.741935483870968,104.10000000000001,31
khaishi,Khaishi,700.0,42.57,42.11,1963,11,4.680000000000001,8.216666666666667,2.0766666666666667,6.14,117.6,30
khaishi,Khaishi,700.0,42.57,42.11,1963,12,-0.3677419354838709,2.448387096774194,-2.551612903225806,5.0,226.0,31
khaishi,Khaishi,700.0,42.57,42.11,1964,1,-4.751612903225807,-1.3129032258064515,-7.95483870967742,6.641935483870968,64.6,31
khaishi,Khaishi,700.0,42.57,42.11,1964,2,1.2517241379310344,6.075862068965517,-1.7724137931034483,7.848275862068966,64.45,29
khaishi,Khaishi,700.0,42.57,42.11,1964,3,5.761290322580645,12.541935483870969,1.770967741935484,10.770967741935484,49.7,31
khaishi,Khaishi,700.0,42.57,42.11,1964,4,9.66,16.356666666666666,5.303333333333333,11.053333333333335,66.85000000000001,30
khaishi,Khaishi,700.0,42.57,42.11,1964,5,13.725806451612904,20.835483870967742,8.974193548387097,11.861290322580645,110.75,31
khaishi,Khaishi,700.0,42.57,42.11,1964,6,19.533333333333335,26.526666666666664,14.479999999999999,12.046666666666669,83.7,30
khaishi,Khaishi,700.0,42.57,42.11,1964,7,19.63225806451613,25.674193548387095,15.17741935483871,10.496774193548386,89.95,31
khaishi,Khaishi,700.0,42.57,42.11,1964,8,17.583870967741937,23.980645161290322,13.280645161290321,10.7,155.1,31
khaishi,Khaishi,700.0,42.57,42.11,1964,9,16.196666666666665,22.83,12.25,10.58,124.9,30
khaishi,Khaishi,700.0,42.57,42.11,1964,10,10.580645161290322,18.9741935483871,6.016129032258065,12.958064516129031,67.8,31
khaishi,Khaishi,700.0,42.57,42.11,1964,11,4.6866666666666665,8.233333333333333,1.8633333333333333,6.37,187.75,30
khaishi,Khaishi,700.0,42.57,42.11,1964,12,1.1193548387096774,4.235483870967743,-1.1741935483870967,5.409677419354838,56.1,31
khaishi,Khaishi,700.0,42.57,42.11,1965,1,-0.9096774193548387,2.041935483870968,-3.52258064516129,5.564516129032258,22.599999999999998,31
khaishi,Khaishi,700.0,42.57,42.11,1965,2,0.7000000000000001,4.5,-2.1821428571428574,6.682142857142857,176.1,28
khaishi,Khaishi,700.0,42.57,42.11,1965,3,5.364516129032259,12.006451612903225,0.8677419354838709,11.138709677419355,70.7,31
khaishi,Khaishi,700.0,42.57,42.11,1965,4,8.34,14.95,4.286666666666666,10.663333333333334,89.6,30
khaishi,Khaishi,700.0,42.57,42.11,1965,5,15.083870967741936,23.22258064516129,9.116129032258065,14.106451612903227,90.85,31
khaishi,Khaishi,700.0,42.57,42.11,1965,6,18.81,25.813333333333333,13.396666666666667,12.416666666666666,35.900000000000006,30
khaishi,Khaishi,700.0,42.57,42.11,1965,7,20.596774193548388,26.809677419354838,15.970967741935485,10.838709677419354,46.4,31
khaishi,Khaishi,700.0,42.57,42.11,1965,8,20.770967741935483,27.625806451612902,16.219354838709677,11.406451612903224,65.9,31
khaishi,Khaishi,700.0,42.57,42.11,1965,9,16.67,24.506666666666668,12.296666666666665,12.21,42.8,30
khaishi,Khaishi,700.0,42.57,42.11,1965,10,8.519354838709678,13.896774193548387,5.17741935483871,8.719354838709679,125.3,31
khaishi,Khaishi,700.0,42.57,42.11,1965,11,5.266666666666667,9.093333333333334,2.3699999999999997,6.723333333333334,123.05000000000001,30
khaishi,Khaishi,700.0,42.57,42.11,1965,12,2.8451612903225807,5.638709677419355,0.767741935483871,4.870967741935484,150.7,31
khaishi,Khaishi,700.0,42.57,42.11,1966,1,4.419354838709677,7.296774193548386,2.3096774193548386,4.987096774193549,100.3,31
khaishi,Khaishi,700.0,42.57,42.11,1966,2,5.682142857142857,11.442857142857141,1.7142857142857142,9.728571428571428,67.4,28
khaishi,Khaishi,700.0,42.57,42.11,1966,3,7.567741935483871,14.725806451612904,3.27741935483871,11.448387096774194,44.699999999999996,31
khaishi,Khaishi,700.0,42.57,42.11,1966,4,12.389999999999999,19.220000000000002,7.59,11.63,102.1,30
khaishi,Khaishi,700.0,42.57,42.11,1966,5,15.038709677419355,22.032258064516128,10.138709677419355,11.893548387096773,95.1,31
khaishi,Khaishi,700.0,42.57,42.11,1966,6,16.983333333333334,23.386666666666667,12.403333333333334,10.983333333333333,114.55,30
khaishi,Khaishi,700.0,42.57,42.11,1966,7,22.006451612903227,28.04516129032258,16.97741935483871,11.06774193548387,98.80000000000001,31
khaishi,Khaishi,700.0,42.57,42.11,1966,8,21.570967741935487,27.87741935483871,16.58709677419355,11.290322580645162,155.6,31
khaishi,Khaishi,700.0,42.57,42.11,1966,9,16.279999999999998,22.89333333333333,11.716666666666667,11.176666666666668,47.699999999999996,30
khaishi,Khaishi,700.0,42.57,42.11,1966,10,13.380645161290323,22.212903225806453,8.093548387096774,14.119354838709677,1.9,31
khaishi,Khaishi,700.0,42.57,42.11,1966,11,9.889999999999999,14.596666666666668,6.8100000000000005,7.786666666666667,30.7,30
khaishi,Khaishi,700.0,42.57,42.11,1966,12,4.245161290322581,7.05483870967742,2.07741935483871,4.97741935483871,124.0,31
khaishi,Khaishi,700.0,42.57,42.11,1967,1,0.19354838709677416,2.4419354838709677,-2.109677419354839,4.551612903225807,151.7,31
khaishi,Khaishi,700.0,42.57,42.11,1967,2,-1.1928571428571428,4.457142857142857,-4.721428571428571,9.178571428571429,3.5,28
khaishi,Khaishi,700.0,42.57,42.11,1967,3,4.464516129032258,9.887096774193548,0.7967741935483872,9.09032258064516,79.89999999999999,31
khaishi,Khaishi,700.0,42.57,42.11,1967,4,9.93,16.826666666666668,5.293333333333334,11.533333333333333,34.2,30
khaishi,Khaishi,700.0,42.57,42.11,1967,5,16.635483870967743,24.054838709677416,11.241935483870968,12.812903225806451,82.2,31
khaishi,Khaishi,700.0,42.57,42.11,1967,6,16.526666666666667,23.386666666666667,11.42,11.966666666666667,138.0,30
khaishi,Khaishi,700.0,42.57,42.11,1967,7,19.18064516129032,24.40967741935484,14.97741935483871,9.432258064516128,111.2,31
khaishi,Khaishi,700.0,42.57,42.11,1967,8,19.561290322580643,24.693548387096776,15.28709677419355,9.406451612903224,142.9,31
khaishi,Khaishi,700.0,42.57,42.11,1967,9,15.92,21.65,11.713333333333333,9.936666666666666,37.9,30
khaishi,Khaishi,700.0,42.57,42.11,1967,10,12.216129032258063,18.809677419354838,8.40967741935484,10.399999999999999,50.05,31
khaishi,Khaishi,700.0,42.57,42.11,1967,11,5.8566666666666665,9.273333333333333,3.423333333333333,5.85,78.7,30
khaishi,Khaishi,700.0,42.57,42.11,1967,12,0.6774193548387095,2.803225806451613,-1.0548387096774194,3.858064516129032,278.2,31
khaishi,Khaishi,700.0,42.57,42.11,1968,1,-1.135483870967742,1.570967741935484,-3.2774193548387096,4.848387096774194,200.1,31
khaishi,Khaishi,700.0,42.57,42.11,1968,2,0.13448275862068967,4.606896551724137,-2.893103448275862,7.5,116.80000000000001,29
khaishi,Khaishi,700.0,42.57,42.11,1968,3,4.229032258064516,10.290322580645162,0.0032258064516129206,10.287096774193548,165.79999999999998,31
khaishi,Khaishi,700.0,42.57,42.11,1968,4,11.729999999999999,19.026666666666664,6.596666666666667,12.43,45.7,30
khaishi,Khaishi,700.0,42.57,42.11,1968,5,17.287096774193547,24.9,11.248387096774193,13.651612903225805,103.30000000000001,31
khaishi,Khaishi,700.0,42.57,42.11,1968,6,17.19,23.29,12.203333333333331,11.086666666666668,86.1,30
khaishi,Khaishi,700.0,42.57,42.11,1968,7,20.135483870967743,26.04516129032258,15.374193548387096,10.670967741935485,61.7,31
khaishi,Khaishi,700.0,42.57,42.11,1968,8,19.506451612903227,25.729032258064517,14.741935483870968,10.98709677419355,114.5,31
khaishi,Khaishi,700.0,42.57,42.11,1968,9,17.363333333333333,24.653333333333332,12.506666666666666,12.146666666666667,100.9,30
khaishi,Khaishi,700.0,42.57,42.11,1968,10,11.306451612903226,16.267741935483873,7.967741935483871,8.3,202.9,31
khaishi,Khaishi,700.0,42.57,42.11,1968,11,8.93,12.606666666666666,6.12,6.486666666666666,44.5,30
khaishi,Khaishi,700.0,42.57,42.11,1968,12,1.3903225806451613,3.870967741935484,-0.4870967741935484,4.358064516129032,109.95,31
khaishi,Khaishi,700.0,42.57,42.11,1969,1,-0.10967741935483873,2.796774193548387,-2.009677419354839,4.806451612903226,43.699999999999996,31
khaishi,Khaishi,700.0,42.57,42.11,1969,2,2.0714285714285716,7.439285714285715,-1.075,8.514285714285714,43.3,28
khaishi,Khaishi,700.0,42.57,42.11,1969,3,5.787096774193548,11.73225806451613,1.9870967741935484,9.745161290322581,105.65,31
khaishi,Khaishi,700.0,42.57,42.11,1969,4,10.113333333333335,17.296666666666667,5.319999999999999,11.976666666666667,58.1,30
khaishi,Khaishi,700.0,42.57,42.11,1969,5,15.109677419354838,22.067741935483873,10.096774193548388,11.970967741935484,78.5,31
khaishi,Khaishi,700.0,42.57,42.11,1969,6,20.403333333333332,28.606666666666666,14.486666666666666,14.12,121.60000000000001,30
khaishi,Khaishi,700.0,42.57,42.11,1969,7,19.461290322580645,25.183870967741935,15.158064516129032,10.025806451612903,38.2,31
khaishi,Khaishi,700.0,42.57,42.11,1969,8,21.48709677419355,27.993548387096773,16.393548387096775,11.600000000000001,21.900000000000002,31
khaishi,Khaishi,700.0,42.57,42.11,1969,9,16.153333333333332,23.55666666666667,11.363333333333333,12.193333333333333,74.9,30
khaishi,Khaishi,700.0,42.57,42.11,1969,10,9.83548387096774,15.32258064516129,6.383870967741935,8.938709677419356,129.2,31
khaishi,Khaishi,700.0,42.57,42.11,1969,11,5.3133333333333335,9.103333333333333,2.6933333333333334,6.409999999999999,65.1,30
khaishi,Khaishi,700.0,42.57,42.11,1969,12,4.241935483870968,6.748387096774193,2.6258064516129034,4.12258064516129,101.7,31
khaishi,Khaishi,700.0,42.57,42.11,1970,1,1.3064516129032258,4.209677419354839,-0.6419354838709678,4.851612903225806,73.0,31
khaishi,Khaishi,700.0,42.57,42.11,1970,2,3.0892857142857144,7.935714285714285,0.5607142857142857,7.375,235.79999999999998,28
khaishi,Khaishi,700.0,42.57,42.11,1970,3,6.909677419354838,12.641935483870967,3.096774193548387,9.54516129032258,134.6,31
khaishi,Khaishi,700.0,42.57,42.11,1970,4,13.123333333333333,21.603333333333335,7.206666666666666,14.396666666666667,68.7,30
khaishi,Khaishi,700.0,42.57,42.11,1970,5,14.922580645161291,21.770967741935483,10.538709677419355,11.23225806451613,103.30000000000001,31
khaishi,Khaishi,700.0,42.57,42.11,1970,6,17.83,24.063333333333333,12.96,11.103333333333332,57.800000000000004,30
khaishi,Khaishi,700.0,42.57,42.11,1970,7,21.325806451612905,28.470967741935485,15.806451612903226,12.66451612903226,138.5,31
khaishi,Khaishi,700.0,42.57,42.11,1970,8,19.274193548387096,24.37741935483871,15.319354838709677,9.058064516129033,141.5,31
khaishi,Khaishi,700.0,42.57,42.11,1970,9,15.966666666666667,21.84333333333333,12.129999999999999,9.713333333333333,165.5,30
khaishi,Khaishi,700.0,42.57,42.11,1970,10,9.009677419354839,15.364516129032259,5.148387096774194,10.216129032258063,177.3,31
khaishi,Khaishi,700.0,42.57,42.11,1970,11,6.87,10.229999999999999,4.326666666666667,5.903333333333333,156.7,30
khaishi,Khaishi,700.0,42.57,42.11,1970,12,0.5548387096774193,3.335483870967742,-1.232258064516129,4.567741935483871,158.75,31
khaishi,Khaishi,700.0,42.57,42.11,1971,1,1.6451612903225807,5.058064516129033,-0.567741935483871,5.625806451612903,26.3,31
khaishi,Khaishi,700.0,42.57,42.11,1971,2,0.9857142857142858,6.053571428571429,-1.957142857142857,8.010714285714286,79.8,28
khaishi,Khaishi,700.0,42.57,42.11,1971,3,6.483870967741935,12.64516129032258,2.6193548387096777,10.025806451612903,158.7,31
khaishi,Khaishi,700.0,42.57,42.11,1971,4,11.15,17.98,6.38,11.6,49.7,30
khaishi,Khaishi,700.0,42.57,42.11,1971,5,16.651612903225807,24.067741935483873,11.380645161290323,12.687096774193549,51.25,31
khaishi,Khaishi,700.0,42.57,42.11,1971,6,16.643333333333334,23.07333333333333,12.0,11.073333333333332,210.4,30
khaishi,Khaishi,700.0,42.57,42.11,1971,7,21.293548387096774,27.651612903225807,16.335483870967742,11.316129032258065,64.39999999999999,31
khaishi,Khaishi,700.0,42.57,42.11,1971,8,20.351612903225806,26.796774193548387,15.51290322580645,11.283870967741937,141.4,31
khaishi,Khaishi,700.0,42.57,42.11,1971,9,19.163333333333334,25.88,13.84,12.04,50.9,30
khaishi,Khaishi,700.0,42.57,42.11,1971,10,9.45483870967742,15.2,5.416129032258064,9.783870967741937,159.7,31
khaishi,Khaishi,700.0,42.57,42.11,1971,11,5.293333333333334,8.786666666666667,2.716666666666667,6.069999999999999,127.8,30
khaishi,Khaishi,700.0,42.57,42.11,1971,12,-0.10645161290322579,2.6322580645161286,-2.4000000000000004,5.032258064516129,232.3,31
khaishi,Khaishi,700.0,42.57,42.11,1972,1,-4.429032258064517,-0.7290322580645161,-7.132258064516129,6.403225806451613,58.900000000000006,31
khaishi,Khaishi,700.0,42.57,42.11,1972,2,0.6896551724137931,6.417241379310345,-2.9,9.317241379310344,3.4,29
khaishi,Khaishi,700.0,42.57,42.11,1972,3,4.264516129032257,10.374193548387098,-0.04193548387096775,10.416129032258064,75.8,31
khaishi,Khaishi,700.0,42.57,42.11,1972,4,12.69,20.956666666666667,7.213333333333334,13.743333333333334,121.39999999999999,30
khaishi,Khaishi,700.0,42.57,42.11,1972,5,14.80967741935484,21.325806451612905,9.883870967741935,11.441935483870967,55.3,31
khaishi,Khaishi,700.0,42.57,42.11,1972,6,19.483333333333334,26.833333333333332,13.876666666666667,12.956666666666667,76.0,30
khaishi,Khaishi,700.0,42.57,42.11,1972,7,22.312903225806455,28.39032258064516,16.896774193548385,11.493548387096775,92.10000000000001,31
khaishi,Khaishi,700.0,42.57,42.11,1972,8,23.219354838709677,30.574193548387097,16.474193548387095,14.100000000000001,42.6,31
khaishi,Khaishi,700.0,42.57,42.11,1972,9,16.27,22.25,12.316666666666666,9.933333333333334,223.0,30
khaishi,Khaishi,700.0,42.57,42.11,1972,10,12.819354838709677,17.85483870967742,9.16451612903226,8.690322580645162,227.6,31
khaishi,Khaishi,700.0,42.57,42.11,1972,11,4.8133333333333335,8.53,2.1333333333333333,6.3966666666666665,119.8,30
khaishi,Khaishi,700.0,42.57,42.11,1972,12,-1.6516129032258065,0.8548387096774194,-3.6451612903225805,4.5,28.5,31
khaishi,Khaishi,700.0,42.57,42.11,1973,1,-2.606451612903226,0.6838709677419355,-5.051612903225807,5.735483870967743,40.6,31
khaishi,Khaishi,700.0,42.57,42.11,1973,2,3.1357142857142857,7.571428571428571,0.16071428571428573,7.410714285714286,81.9,28
khaishi,Khaishi,700.0,42.57,42.11,1973,3,5.261290322580645,10.735483870967743,1.6741935483870967,9.061290322580644,113.9,31
khaishi,Khaishi,700.0,42.57,42.11,1973,4,11.103333333333333,17.993333333333332,6.546666666666667,11.446666666666665,51.0,30
khaishi,Khaishi,700.0,42.57,42.11,1973,5,15.193548387096774,22.174193548387095,10.02258064516129,12.151612903225805,38.0,31
khaishi,Khaishi,700.0,42.57,42.11,1973,6,16.87333333333333,22.84,12.646666666666667,10.193333333333333,136.2,30
khaishi,Khaishi,700.0,42.57,42.11,1973,7,20.32903225806452,26.029032258064515,15.567741935483872,10.461290322580645,60.5,31
khaishi,Khaishi,700.0,42.57,42.11,1973,8,19.719354838709677,24.41290322580645,15.63225806451613,8.780645161290321,41.900000000000006,31
khaishi,Khaishi,700.0,42.57,42.11,1973,9,16.526666666666667,22.896666666666665,11.54,11.356666666666666,39.199999999999996,30
khaishi,Khaishi,700.0,42.57,42.11,1973,10,11.97741935483871,17.13225806451613,8.374193548387098,8.758064516129032,150.20000000000002,31
khaishi,Khaishi,700.0,42.57,42.11,1973,11,3.0533333333333337,6.013333333333334,0.91,5.1033333333333335,193.9,30
khaishi,Khaishi,700.0,42.57,42.11,1973,12,-0.5064516129032258,1.6483870967741936,-2.196774193548387,3.8451612903225807,208.1,31
khaishi,Khaishi,700.0,42.57,42.11,1974,1,-1.9967741935483871,0.5483870967741935,-4.267741935483872,4.816129032258065,30.2,31
khaishi,Khaishi,700.0,42.57,42.11,1974,2,2.025,7.421428571428572,-1.0642857142857143,8.485714285714286,3.9,28
khaishi,Khaishi,700.0,42.57,42.11,1974,3,7.27741935483871,14.496774193548386,2.8677419354838714,11.629032258064516,35.1,31
khaishi,Khaishi,700.0,42.57,42.11,1974,4,8.35,14.323333333333332,3.93,10.393333333333334,69.8,30
khaishi,Khaishi,700.0,42.57,42.11,1974,5,14.490322580645161,21.641935483870967,10.138709677419355,11.503225806451614,159.9,31
khaishi,Khaishi,700.0,42.57,42.11,1974,6,18.726666666666667,25.853333333333335,13.3,12.553333333333335,59.6,30
khaishi,Khaishi,700.0,42.57,42.11,1974,7,19.938709677419357,25.603225806451615,15.73225806451613,9.870967741935484,64.1,31
khaishi,Khaishi,700.0,42.57,42.11,1974,8,20.33225806451613,26.44516129032258,15.59032258064516,10.85483870967742,48.599999999999994,31
khaishi,Khaishi,700.0,42.57,42.11,1974,9,15.66,21.84333333333333,11.556666666666667,10.286666666666667,91.3,30
khaishi,Khaishi,700.0,42.57,42.11,1974,10,14.899999999999999,22.403225806451612,10.22258064516129,12.180645161290323,63.6,31
khaishi,Khaishi,700.0,42.57,42.11,1974,11,6.626666666666667,10.21,4.12,6.09,130.3,30
khaishi,Khaishi,700.0,42.57,42.11,1974,12,2.4612903225806453,4.82258064516129,0.7161290322580645,4.106451612903226,40.5,31
khaishi,Khaishi,700.0,42.57,42.11,1975,1,-1.1290322580645162,2.3806451612903223,-3.4096774193548387,5.790322580645161,145.0,31
khaishi,Khaishi,700.0,42.57,42.11,1975,2,0.46071428571428574,4.3428571428571425,-1.9785714285714284,6.321428571428571,125.5,28
khaishi,Khaishi,700.0,42.57,42.11,1975,3,4.835483870967742,11.516129032258064,0.7129032258064517,10.803225806451612,100.0,31
khaishi,Khaishi,700.0,42.57,42.11,1975,4,14.026666666666667,22.546666666666667,8.583333333333334,13.963333333333333,93.3,30
khaishi,Khaishi,700.0,42.57,42.11,1975,5,15.993548387096775,23.07741935483871,10.600000000000001,12.47741935483871,36.3,31
khaishi,Khaishi,700.0,42.57,42.11,1975,6,20.263333333333332,27.05666666666667,14.883333333333333,12.173333333333334,106.7,30
khaishi,Khaishi,700.0,42.57,42.11,1975,7,21.416129032258063,27.55483870967742,16.45483870967742,11.100000000000001,141.7,31
khaishi,Khaishi,700.0,42.57,42.11,1975,8,20.683870967741935,26.90967741935484,15.661290322580646,11.248387096774193,32.8,31
khaishi,Khaishi,700.0,42.57,42.11,1975,9,16.556666666666665,22.883333333333333,12.2,10.683333333333334,103.7,30
khaishi,Khaishi,700.0,42.57,42.11,1975,10,10.387096774193548,15.751612903225807,6.990322580645161,8.761290322580646,134.4,31
khaishi,Khaishi,700.0,42.57,42.11,1975,11,4.803333333333333,9.58,2.2266666666666666,7.3533333333333335,55.8,30
khaishi,Khaishi,700.0,42.57,42.11,1975,12,-1.1935483870967742,1.635483870967742,-3.070967741935484,4.706451612903226,126.0,31
khaishi,Khaishi,700.0,42.57,42.11,1976,1,-1.3612903225806452,1.3129032258064517,-3.0903225806451613,4.403225806451613,343.1,31
khaishi,Khaishi,700.0,42.57,42.11,1976,2,-1.7310344827586208,2.5172413793103448,-4.7620689655172415,7.279310344827586,52.199999999999996,29
khaishi,Khaishi,700.0,42.57,42.11,1976,3,3.329032258064516,9.48709677419355,-0.3870967741935484,9.874193548387098,43.3,31
khaishi,Khaishi,700.0,42.57,42.11,1976,4,10.513333333333332,17.386666666666667,5.89,11.496666666666666,63.7,30
khaishi,Khaishi,700.0,42.57,42.11,1976,5,13.53225806451613,19.596774193548388,9.338709677419354,10.258064516129032,65.7,31
khaishi,Khaishi,700.0,42.57,42.11,1976,6,17.220000000000002,23.509999999999998,12.326666666666666,11.183333333333334,166.6,30
khaishi,Khaishi,700.0,42.57,42.11,1976,7,19.116129032258065,25.283870967741933,14.025806451612903,11.258064516129032,104.6,31
khaishi,Khaishi,700.0,42.57,42.11,1976,8,20.225806451612904,24.864516129032257,16.493548387096773,8.370967741935484,76.5,31
khaishi,Khaishi,700.0,42.57,42.11,1976,9,15.246666666666668,21.133333333333333,10.983333333333333,10.15,102.10000000000001,30
khaishi,Khaishi,700.0,42.57,42.11,1976,10,10.661290322580646,15.651612903225805,7.16774193548387,8.483870967741936,105.3,31
khaishi,Khaishi,700.0,42.57,42.11,1976,11,6.736666666666666,11.383333333333333,3.953333333333333,7.430000000000001,58.8,30
khaishi,Khaishi,700.0,42.57,42.11,1976,12,1.9161290322580644,4.880645161290323,0.061290322580645186,4.819354838709677,54.3,31
khaishi,Khaishi,700.0,42.57,42.11,1977,1,-2.351612903225807,0.8225806451612904,-4.65483870967742,5.477419354838709,13.700000000000001,31
khaishi,Khaishi,700.0,42.57,42.11,1977,2,5.221428571428571,11.12857142857143,1.9357142857142857,9.192857142857141,67.5,28
khaishi,Khaishi,700.0,42.57,42.11,1977,3,6.161290322580645,11.916129032258064,2.5612903225806454,9.35483870967742,154.9,31
khaishi,Khaishi,700.0,42.57,42.11,1977,4,11.686666666666667,19.53666666666667,6.739999999999999,12.796666666666665,87.0,30
khaishi,Khaishi,700.0,42.57,42.11,1977,5,15.551612903225807,22.287096774193547,10.683870967741935,11.603225806451613,65.8,31
khaishi,Khaishi,700.0,42.57,42.11,1977,6,18.016666666666666,24.223333333333336,13.526666666666667,10.696666666666667,138.6,30
khaishi,Khaishi,700.0,42.57,42.11,1977,7,20.0,25.603225806451615,15.819354838709677,9.783870967741937,51.3,31
khaishi,Khaishi,700.0,42.57,42.11,1977,8,19.93548387096774,26.751612903225805,15.46774193548387,11.283870967741937,151.6,31
khaishi,Khaishi,700.0,42.57,42.11,1977,9,16.223333333333333,22.336666666666666,12.286666666666667,10.05,142.2,30
khaishi,Khaishi,700.0,42.57,42.11,1977,10,7.838709677419355,13.703225806451613,4.403225806451613,9.3,99.8,31
khaishi,Khaishi,700.0,42.57,42.11,1977,11,5.743333333333334,10.053333333333335,3.43,6.623333333333333,62.1,30
khaishi,Khaishi,700.0,42.57,42.11,1977,12,-0.4129032258064516,2.458064516129032,-2.161290322580645,4.619354838709677,111.4,31
khaishi,Khaishi,700.0,42.57,42.11,1978,1,0.27741935483870966,3.106451612903226,-1.5903225806451613,4.696774193548387,55.9,31
khaishi,Khaishi,700.0,42.57,42.11,1978,2,3.4,7.710714285714286,0.9928571428571428,6.7178571428571425,169.10000000000002,28
khaishi,Khaishi,700.0,42.57,42.11,1978,3,7.338709677419355,14.406451612903227,3.467741935483871,10.938709677419356,118.9,31
khaishi,Khaishi,700.0,42.57,42.11,1978,4,8.97,15.446666666666665,5.216666666666667,10.229999999999999,183.5,30
khaishi,Khaishi,700.0,42.57,42.11,1978,5,13.845161290322581,21.0,8.948387096774193,12.051612903225807,68.0,31
khaishi,Khaishi,700.0,42.57,42.11,1978,6,16.183333333333334,22.83,11.343333333333334,11.486666666666668,98.6,30
khaishi,Khaishi,700.0,42.57,42.11,1978,7,20.674193548387095,26.783870967741933,16.125806451612902,10.658064516129032,31.5,31
khaishi,Khaishi,700.0,42.57,42.11,1978,8,19.0258064516129,24.174193548387095,15.248387096774193,8.925806451612903,150.2,31
khaishi,Khaishi,700.0,42.57,42.11,1978,9,16.736666666666668,23.89,12.67,11.22,136.2,30
khaishi,Khaishi,700.0,42.57,42.11,1978,10,11.558064516129033,17.364516129032257,8.003225806451614,9.361290322580645,155.4,31
khaishi,Khaishi,700.0,42.57,42.11,1978,11,2.43,6.703333333333333,0.1333333333333333,6.569999999999999,25.299999999999997,30
khaishi,Khaishi,700.0,42.57,42.11,1978,12,1.1548387096774195,3.196774193548387,0.0032258064516129206,3.193548387096774,279.6,31
khaishi,Khaishi,700.0,42.57,42.11,1979,1,0.21612903225806454,3.141935483870968,-1.6451612903225807,4.787096774193548,218.4,31
khaishi,Khaishi,700.0,42.57,42.11,1979,2,2.6571428571428575,6.0249999999999995,0.5392857142857143,5.485714285714286,166.79999999999998,28
khaishi,Khaishi,700.0,42.57,42.11,1979,3,6.767741935483872,14.370967741935484,2.7548387096774194,11.616129032258065,79.10000000000001,31
khaishi,Khaishi,700.0,42.57,42.11,1979,4,10.563333333333333,16.8,6.576666666666667,10.223333333333333,102.9,30
khaishi,Khaishi,700.0,42.57,42.11,1979,5,17.383870967741935,25.335483870967742,11.861290322580645,13.474193548387097,21.9,31
khaishi,Khaishi,700.0,42.57,42.11,1979,6,19.006666666666668,26.009999999999998,13.92,12.09,72.4,30
khaishi,Khaishi,700.0,42.57,42.11,1979,7,19.80322580645161,25.583870967741937,15.674193548387096,9.90967741935484,150.29999999999998,31
khaishi,Khaishi,700.0,42.57,42.11,1979,8,23.032258064516128,30.5258064516129,17.52258064516129,13.003225806451614,23.0,31
khaishi,Khaishi,700.0,42.57,42.11,1979,9,17.683333333333334,24.259999999999998,13.313333333333333,10.946666666666665,104.7,30
khaishi,Khaishi,700.0,42.57,42.11,1979,10,10.603225806451613,15.819354838709678,7.564516129032258,8.25483870967742,201.2,31
khaishi,Khaishi,700.0,42.57,42.11,1979,11,7.64,10.91,5.323333333333333,5.586666666666667,147.4,30
khaishi,Khaishi,700.0,42.57,42.11,1979,12,1.3838709677419354,3.6322580645161286,-0.1451612903225806,3.7774193548387096,90.7,31
khaishi,Khaishi,700.0,42.57,42.11,1980,1,-1.467741935483871,1.5225806451612904,-3.4387096774193546,4.961290322580646,84.5,31
khaishi,Khaishi,700.0,42.57,42.11,1980,2,1.1896551724137931,6.386206896551724,-1.706896551724138,8.093103448275862,6.2,29
khaishi,Khaishi,700.0,42.57,42.11,1980,3,5.009677419354839,11.248387096774193,1.6096774193548387,9.638709677419355,72.5,31
khaishi,Khaishi,700.0,42.57,42.11,1980,4,9.06,14.75,5.573333333333333,9.176666666666668,173.7,30
khaishi,Khaishi,700.0,42.57,42.11,1980,5,15.238709677419354,22.345161290322583,10.332258064516129,12.01290322580645,104.7,31
khaishi,Khaishi,700.0,42.57,42.11,1980,6,18.78666666666667,26.276666666666664,13.646666666666667,12.629999999999999,70.9,30
khaishi,Khaishi,700.0,42.57,42.11,1980,7,23.14516129032258,30.796774193548387,17.84516129032258,12.951612903225806,53.8,31
khaishi,Khaishi,700.0,42.57,42.11,1980,8,19.74516129032258,26.296774193548387,14.76774193548387,11.529032258064516,103.8,31
khaishi,Khaishi,700.0,42.57,42.11,1980,9,14.916666666666666,21.220000000000002,10.770000000000001,10.45,225.3,30
khaishi,Khaishi,700.0,42.57,42.11,1980,10,10.180645161290323,16.683870967741935,6.22258064516129,10.461290322580645,116.6,31
khaishi,Khaishi,700.0,42.57,42.11,1980,11,6.9,10.34,4.760000000000001,5.58,170.1,30
khaishi,Khaishi,700.0,42.57,42.11,1980,12,3.5290322580645164,6.37741935483871,1.6580645161290322,4.719354838709678,67.3,31
khaishi,Khaishi,700.0,42.57,42.11,1981,1,1.9193548387096775,4.641935483870968,0.1580645161290323,4.483870967741935,85.5,31
khaishi,Khaishi,700.0,42.57,42.11,1981,2,2.6,7.382142857142857,0.09285714285714289,7.289285714285714,78.1,28
khaishi,Khaishi,700.0,42.57,42.11,1981,3,5.087096774193548,10.600000000000001,1.9,8.7,230.20000000000002,31
khaishi,Khaishi,700.0,42.57,42.11,1981,4,8.543333333333333,15.436666666666667,4.496666666666667,10.94,51.5,30
khaishi,Khaishi,700.0,42.57,42.11,1981,5,13.009677419354839,20.096774193548388,8.903225806451612,11.193548387096774,53.0,31
khaishi,Khaishi,700.0,42.57,42.11,1981,6,18.553333333333335,25.27,13.643333333333334,11.626666666666667,105.0,30
khaishi,Khaishi,700.0,42.57,42.11,1981,7,21.62258064516129,28.067741935483873,16.69677419354839,11.370967741935484,82.60000000000001,31
khaishi,Khaishi,700.0,42.57,42.11,1981,8,20.006451612903227,25.712903225806453,16.04193548387097,9.670967741935485,184.5,31
khaishi,Khaishi,700.0,42.57,42.11,1981,9,17.063333333333333,23.85666666666667,12.610000000000001,11.246666666666666,105.10000000000001,30
khaishi,Khaishi,700.0,42.57,42.11,1981,10,12.496774193548386,19.316129032258065,8.422580645161291,10.893548387096773,74.8,31
khaishi,Khaishi,700.0,42.57,42.11,1981,11,4.236666666666666,7.326666666666666,2.1333333333333333,5.193333333333333,304.2,30
khaishi,Khaishi,700.0,42.57,42.11,1981,12,4.245161290322581,7.429032258064516,1.8161290322580643,5.612903225806452,166.4,31
khaishi,Khaishi,700.0,42.57,42.11,1982,1,-2.193548387096774,1.2032258064516128,-4.206451612903226,5.409677419354838,167.9,31
khaishi,Khaishi,700.0,42.57,42.11,1982,2,0.26785714285714285,5.257142857142857,-2.7785714285714285,8.035714285714286,15.7,28
khaishi,Khaishi,700.0,42.57,42.11,1982,3,3.641935483870968,9.541935483870969,0.2709677419354839,9.270967741935483,84.8,31
khaishi,Khaishi,700.0,42.57,42.11,1982,4,11.729999999999999,19.59333333333333,6.806666666666667,12.786666666666665,146.1,30
khaishi,Khaishi,700.0,42.57,42.11,1982,5,15.725806451612904,22.45483870967742,11.206451612903225,11.248387096774193,95.4,31
khaishi,Khaishi,700.0,42.57,42.11,1982,6,17.5,24.803333333333335,12.33,12.473333333333333,64.0,30
khaishi,Khaishi,700.0,42.57,42.11,1982,7,18.76451612903226,23.783870967741933,14.97741935483871,8.806451612903226,144.9,31
khaishi,Khaishi,700.0,42.57,42.11,1982,8,19.258064516129032,25.845161290322583,14.006451612903225,11.838709677419354,57.6,31
khaishi,Khaishi,700.0,42.57,42.11,1982,9,16.66,23.483333333333334,12.16,11.323333333333332,71.6,30
khaishi,Khaishi,700.0,42.57,42.11,1982,10,10.716129032258063,17.503225806451614,6.838709677419355,10.66451612903226,38.7,31
khaishi,Khaishi,700.0,42.57,42.11,1982,11,4.0633333333333335,8.173333333333334,1.4966666666666666,6.676666666666667,53.1,30
khaishi,Khaishi,700.0,42.57,42.11,1982,12,-0.17741935483870963,2.838709677419355,-1.835483870967742,4.674193548387097,90.8,31
khaishi,Khaishi,700.0,42.57,42.11,1983,1,-2.806451612903226,0.16774193548387098,-4.816129032258065,4.983870967741935,208.3,31
khaishi,Khaishi,700.0,42.57,42.11,1983,2,0.9321428571428572,5.089285714285714,-1.2714285714285716,6.360714285714286,37.7,28
khaishi,Khaishi,700.0,42.57,42.11,1983,3,3.564516129032258,9.696774193548388,-0.29354838709677417,9.990322580645161,80.7,31
khaishi,Khaishi,700.0,42.57,42.11,1983,4,11.526666666666667,18.740000000000002,6.783333333333333,11.956666666666667,17.099999999999998,30
khaishi,Khaishi,700.0,42.57,42.11,1983,5,15.8,23.01290322580645,11.100000000000001,11.912903225806453,91.2,31
khaishi,Khaishi,700.0,42.57,42.11,1983,6,17.513333333333332,24.116666666666667,12.636666666666667,11.48,145.5,30
khaishi,Khaishi,700.0,42.57,42.11,1983,7,20.906451612903226,27.219354838709677,15.919354838709678,11.3,148.79999999999998,31
khaishi,Khaishi,700.0,42.57,42.11,1983,8,19.529032258064515,24.312903225806455,15.890322580645162,8.422580645161291,64.8,31
khaishi,Khaishi,700.0,42.57,42.11,1983,9,16.476666666666667,22.416666666666668,11.873333333333333,10.543333333333333,81.3,30
khaishi,Khaishi,700.0,42.57,42.11,1983,10,11.287096774193548,17.887096774193548,7.103225806451612,10.783870967741937,96.5,31
khaishi,Khaishi,700.0,42.57,42.11,1983,11,5.263333333333334,8.33,3.0300000000000002,5.3,261.2,30
khaishi,Khaishi,700.0,42.57,42.11,1983,12,0.970967741935484,3.5258064516129033,-0.43548387096774194,3.9612903225806453,113.4,31
khaishi,Khaishi,700.0,42.57,42.11,1984,1,1.632258064516129,4.758064516129032,-0.34516129032258064,5.103225806451612,30.4,31
khaishi,Khaishi,700.0,42.57,42.11,1984,2,1.9689655172413794,7.389655172413794,-1.3413793103448275,8.731034482758622,32.6,29
khaishi,Khaishi,700.0,42.57,42.11,1984,3,6.909677419354838,12.829032258064515,3.148387096774193,9.680645161290323,78.2,31
khaishi,Khaishi,700.0,42.57,42.11,1984,4,10.263333333333332,16.61,6.33,10.28,173.3,30
khaishi,Khaishi,700.0,42.57,42.11,1984,5,15.209677419354838,21.23225806451613,10.070967741935483,11.161290322580646,40.65,31
khaishi,Khaishi,700.0,42.57,42.11,1984,6,17.766666666666666,23.996666666666666,12.453333333333335,11.543333333333333,87.69999999999999,30
khaishi,Khaishi,700.0,42.57,42.11,1984,7,20.483870967741936,26.280645161290323,15.938709677419356,10.341935483870966,163.0,31
khaishi,Khaishi,700.0,42.57,42.11,1984,8,17.706451612903226,22.88064516129032,14.219354838709679,8.661290322580646,183.7,31
khaishi,Khaishi,700.0,42.57,42.11,1984,9,17.523333333333333,25.026666666666664,12.656666666666666,12.370000000000001,34.3,30
khaishi,Khaishi,700.0,42.57,42.11,1984,10,10.958064516129031,18.312903225806455,6.293548387096774,12.019354838709678,63.599999999999994,31
khaishi,Khaishi,700.0,42.57,42.11,1984,11,5.903333333333333,9.876666666666667,3.33,6.546666666666667,142.6,30
khaishi,Khaishi,700.0,42.57,42.11,1984,12,-0.2387096774193548,2.47741935483871,-2.3483870967741933,4.825806451612903,8.9,31
khaishi,Khaishi,700.0,42.57,42.11,1985,1,1.0129032258064516,4.461290322580646,-0.9161290322580645,5.37741935483871,74.1,31
khaishi,Khaishi,700.0,42.57,42.11,1985,2,-2.189285714285714,1.0678571428571428,-4.485714285714286,5.553571428571429,140.35,28
khaishi,Khaishi,700.0,42.57,42.11,1985,3,3.5677419354838706,10.596774193548388,-1.229032258064516,11.825806451612904,13.4,31
khaishi,Khaishi,700.0,42.57,42.11,1985,4,11.28,18.373333333333335,6.886666666666667,11.486666666666668,79.8,30
khaishi,Khaishi,700.0,42.57,42.11,1985,5,17.15806451612903,24.76451612903226,11.538709677419355,13.225806451612904,89.3,31
khaishi,Khaishi,700.0,42.57,42.11,1985,6,18.029999999999998,24.446666666666665,13.093333333333334,11.353333333333333,208.2,30
khaishi,Khaishi,700.0,42.57,42.11,1985,7,18.96451612903226,23.729032258064517,14.625806451612902,9.103225806451613,36.85,31
khaishi,Khaishi,700.0,42.57,42.11,1985,8,22.81612903225807,30.0,16.654838709677417,13.345161290322581,50.300000000000004,31
khaishi,Khaishi,700.0,42.57,42.11,1985,9,15.476666666666667,21.723333333333336,11.59,10.133333333333333,140.8,30
khaishi,Khaishi,700.0,42.57,42.11,1985,10,9.72258064516129,15.567741935483872,6.209677419354839,9.358064516129033,114.3,31
khaishi,Khaishi,700.0,42.57,42.11,1985,11,6.59,10.283333333333333,4.46,5.823333333333333,114.1,30
khaishi,Khaishi,700.0,42.57,42.11,1985,12,0.23225806451612904,3.1322580645161286,-1.4516129032258065,4.583870967741936,68.9,31
khaishi,Khaishi,700.0,42.57,42.11,1986,1,0.2612903225806452,3.3161290322580643,-1.435483870967742,4.751612903225807,106.4,31
khaishi,Khaishi,700.0,42.57,42.11,1986,2,1.8357142857142856,6.378571428571428,-0.6821428571428572,7.060714285714286,78.2,28
khaishi,Khaishi,700.0,42.57,42.11,1986,3,6.270967741935484,12.648387096774194,1.8870967741935485,10.761290322580646,6.3,31
khaishi,Khaishi,700.0,42.57,42.11,1986,4,13.389999999999999,20.88,7.256666666666666,13.623333333333333,72.5,30
khaishi,Khaishi,700.0,42.57,42.11,1986,5,12.922580645161291,18.206451612903226,8.87741935483871,9.329032258064515,144.7,31
khaishi,Khaishi,700.0,42.57,42.11,1986,6,18.173333333333336,24.46333333333333,12.8,11.663333333333332,90.7,30
khaishi,Khaishi,700.0,42.57,42.11,1986,7,21.37741935483871,26.61935483870968,16.267741935483873,10.351612903225806,56.0,31
khaishi,Khaishi,700.0,42.57,42.11,1986,8,22.81935483870968,29.387096774193548,16.774193548387096,12.612903225806452,57.2,31
khaishi,Khaishi,700.0,42.57,42.11,1986,9,18.933333333333334,25.55,13.863333333333333,11.686666666666666,119.9,30
khaishi,Khaishi,700.0,42.57,42.11,1986,10,11.235483870967743,17.083870967741937,6.925806451612903,10.158064516129032,84.19999999999999,31
khaishi,Khaishi,700.0,42.57,42.11,1986,11,5.126666666666667,8.766666666666667,2.8833333333333333,5.883333333333334,61.400000000000006,30
khaishi,Khaishi,700.0,42.57,42.11,1986,12,0.12580645161290324,2.0870967741935487,-1.332258064516129,3.4193548387096775,248.7,31
khaishi,Khaishi,700.0,42.57,42.11,1987,1,0.13548387096774195,1.9096774193548387,-1.0193548387096774,2.929032258064516,670.45,31
khaishi,Khaishi,700.0,42.57,42.11,1987,2,1.3464285714285715,4.228571428571429,-0.37857142857142856,4.607142857142857,99.8,28
khaishi,Khaishi,700.0,42.57,42.11,1987,3,2.3806451612903223,7.912903225806452,-1.1096774193548387,9.02258064516129,42.35,31
khaishi,Khaishi,700.0,42.57,42.11,1987,4,7.676666666666667,14.226666666666667,3.3233333333333333,10.903333333333334,144.7,30
khaishi,Khaishi,700.0,42.57,42.11,1987,5,15.929032258064517,23.961290322580645,10.174193548387098,13.787096774193548,95.2,31
khaishi,Khaishi,700.0,42.57,42.11,1987,6,17.613333333333333,24.073333333333334,12.53,11.543333333333333,132.9,30
khaishi,Khaishi,700.0,42.57,42.11,1987,7,20.919354838709676,27.4,15.680645161290323,11.719354838709679,115.80000000000001,31
khaishi,Khaishi,700.0,42.57,42.11,1987,8,18.919354838709676,25.280645161290323,14.129032258064516,11.151612903225805,252.8,31
khaishi,Khaishi,700.0,42.57,42.11,1987,9,15.613333333333333,22.64333333333333,9.776666666666667,12.866666666666667,20.9,30
khaishi,Khaishi,700.0,42.57,42.11,1987,10,10.845161290322581,17.593548387096774,5.983870967741935,11.60967741935484,106.9,31
khaishi,Khaishi,700.0,42.57,42.11,1987,11,5.3966666666666665,8.996666666666666,2.61,6.386666666666667,60.7,30
khaishi,Khaishi,700.0,42.57,42.11,1987,12,1.7129032258064516,4.077419354838709,0.18709677419354842,3.890322580645161,264.95,31
khaishi,Khaishi,700.0,42.57,42.11,1988,1,-0.7096774193548387,2.0064516129032257,-2.570967741935484,4.577419354838709,59.8,31
khaishi,Khaishi,700.0,42.57,42.11,1988,2,1.5999999999999999,6.448275862068965,-1.0310344827586209,7.479310344827587,82.9,29
khaishi,Khaishi,700.0,42.57,42.11,1988,3,4.929032258064516,11.303225806451612,1.1774193548387097,10.125806451612902,66.8,31
khaishi,Khaishi,700.0,42.57,42.11,1988,4,12.213333333333333,20.086666666666666,6.956666666666666,13.129999999999999,74.6,30
khaishi,Khaishi,700.0,42.57,42.11,1988,5,13.925806451612903,20.638709677419353,9.174193548387096,11.464516129032257,92.7,31
khaishi,Khaishi,700.0,42.57,42.11,1988,6,17.703333333333333,24.84333333333333,12.603333333333333,12.24,177.5,30
khaishi,Khaishi,700.0,42.57,42.11,1988,7,20.612903225806452,26.08709677419355,15.754838709677419,10.332258064516129,118.5,31
khaishi,Khaishi,700.0,42.57,42.11,1988,8,20.432258064516127,25.96451612903226,15.64516129032258,10.319354838709677,140.9,31
khaishi,Khaishi,700.0,42.57,42.11,1988,9,15.526666666666667,21.716666666666665,11.106666666666666,10.610000000000001,70.6,30
khaishi,Khaishi,700.0,42.57,42.11,1988,10,12.435483870967742,18.183870967741935,8.22258064516129,9.961290322580645,128.0,31
khaishi,Khaishi,700.0,42.57,42.11,1988,11,3.186666666666667,5.693333333333333,1.3233333333333335,4.37,208.79999999999998,30
khaishi,Khaishi,700.0,42.57,42.11,1988,12,1.2064516129032257,3.703225806451613,-0.42258064516129035,4.125806451612903,225.4,31
khaishi,Khaishi,700.0,42.57,42.11,1989,1,-2.9322580645161294,-0.22258064516129034,-4.783870967741936,4.561290322580645,92.9,31
khaishi,Khaishi,700.0,42.57,42.11,1989,2,-1.0142857142857142,3.9250000000000003,-3.9285714285714284,7.853571428571429,45.8,28
khaishi,Khaishi,700.0,42.57,42.11,1989,3,7.196774193548387,12.916129032258066,3.296774193548387,9.619354838709677,80.4,31
khaishi,Khaishi,700.0,42.57,42.11,1989,4,13.286666666666667,21.396666666666665,7.776666666666667,13.620000000000001,74.7,30
khaishi,Khaishi,700.0,42.57,42.11,1989,5,15.387096774193548,23.061290322580643,9.85483870967742,13.206451612903225,118.75,31
khaishi,Khaishi,700.0,42.57,42.11,1989,6,18.14333333333333,24.683333333333334,12.866666666666667,11.816666666666666,123.5,30
khaishi,Khaishi,700.0,42.57,42.11,1989,7,21.40967741935484,25.493548387096773,17.532258064516128,7.961290322580646,85.5,31
khaishi,Khaishi,700.0,42.57,42.11,1989,8,21.241935483870968,27.761290322580646,15.764516129032257,11.996774193548386,135.1,31
khaishi,Khaishi,700.0,42.57,42.11,1989,9,16.14,22.55,11.313333333333333,11.236666666666668,146.4,30
khaishi,Khaishi,700.0,42.57,42.11,1989,10,10.580645161290322,16.654838709677417,6.674193548387097,9.980645161290322,249.1,31
khaishi,Khaishi,700.0,42.57,42.11,1989,11,4.61,7.933333333333334,2.39,5.543333333333334,356.7,30
khaishi,Khaishi,700.0,42.57,42.11,1989,12,-0.7419354838709677,1.5096774193548386,-2.296774193548387,3.806451612903226,224.7,31
khaishi,Khaishi,700.0,42.57,42.11,1990,1,-1.0516129032258066,0.8419354838709678,-2.3774193548387097,3.2193548387096773,43.400000000000006,31
khaishi,Khaishi,700.0,42.57,42.11,1990,2,1.575,5.764285714285714,-0.9428571428571428,6.707142857142857,38.2,28
khaishi,Khaishi,700.0,42.57,42.11,1990,3,5.254838709677419,11.509677419354839,1.0774193548387097,10.432258064516128,31.1,31
khaishi,Khaishi,700.0,42.57,42.11,1990,4,9.96,15.476666666666667,6.2733333333333325,9.203333333333335,164.85,30
khaishi,Khaishi,700.0,42.57,42.11,1990,5,14.816129032258065,22.725806451612904,9.345161290322581,13.380645161290323,29.799999999999997,31
khaishi,Khaishi,700.0,42.57,42.11,1990,6,17.63,25.27,12.176666666666668,13.093333333333334,126.39999999999999,30
khaishi,Khaishi,700.0,42.57,42.11,1990,7,18.61935483870968,26.177419354838708,12.51290322580645,13.66451612903226,41.55,31
khaishi,Khaishi,700.0,42.57,42.11,1990,8,18.858064516129033,25.103225806451615,14.345161290322581,10.758064516129032,29.650000000000002,31
khaishi,Khaishi,700.0,42.57,42.11,1990,9,17.566666666666666,23.673333333333336,12.956666666666667,10.716666666666667,63.8,30
khaishi,Khaishi,700.0,42.57,42.11,1990,10,12.616129032258064,19.20967741935484,8.432258064516128,10.77741935483871,146.75,31
khaishi,Khaishi,700.0,42.57,42.11,1990,11,9.22,12.906666666666666,6.486666666666666,6.42,233.79999999999998,30
khaishi,Khaishi,700.0,42.57,42.11,1990,12,1.4870967741935484,3.954838709677419,-0.7774193548387097,4.732258064516128,109.35,31
khaishi,Khaishi,700.0,42.57,42.11,1991,1,-1.1290322580645162,1.364516129032258,-3.235483870967742,4.6,67.1,31
khaishi,Khaishi,700.0,42.57,42.11,1991,2,-0.16071428571428564,5.075,-3.6214285714285714,8.696428571428571,140.3,28
khaishi,Khaishi,700.0,42.57,42.11,1991,3,6.52258064516129,13.548387096774194,2.0161290322580645,11.53225806451613,111.5,31
khaishi,Khaishi,700.0,42.57,42.11,1991,4,12.076666666666666,19.09333333333333,7.216666666666667,11.876666666666667,115.6,30
khaishi,Khaishi,700.0,42.57,42.11,1991,5,15.47741935483871,21.348387096774193,11.151612903225805,10.196774193548388,217.6,31
khaishi,Khaishi,700.0,42.57,42.11,1991,6,19.423333333333336,25.783333333333335,14.03,11.753333333333334,146.0,30
khaishi,Khaishi,700.0,42.57,42.11,1991,9,17.386666666666667,23.53666666666667,13.006666666666666,10.53,74.5,30
khaishi,Khaishi,700.0,42.57,42.11,1991,10,14.51290322580645,21.019354838709678,9.654838709677419,11.364516129032259,77.1,31
khaishi,Khaishi,700.0,42.57,42.11,1991,11,7.036666666666666,11.266666666666667,3.6766666666666667,7.59,37.5,30
khaishi,Khaishi,700.0,42.57,42.11,1991,12,0.8741935483870967,4.093548387096774,-1.729032258064516,5.82258064516129,120.3,31
khaishi,Khaishi,700.0,42.57,42.11,1992,1,-3.5161290322580645,-0.6129032258064516,-6.041935483870968,5.429032258064517,109.4,31
khaishi,Khaishi,700.0,42.57,42.11,1992,2,-1.5344827586206897,2.2551724137931037,-4.617241379310345,6.872413793103449,50.4,29
khaishi,Khaishi,700.0,42.57,42.11,1992,3,4.458064516129032,10.970967741935485,-0.3580645161290322,11.329032258064515,34.300000000000004,31
khaishi,Khaishi,700.0,42.57,42.11,1992,4,11.076666666666666,17.290000000000003,6.173333333333333,11.116666666666667,323.5,30
khaishi,Khaishi,700.0,42.57,42.11,1992,5,15.361290322580645,23.164516129032258,9.735483870967743,13.429032258064517,139.4,31
khaishi,Khaishi,700.0,42.57,42.11,1992,6,16.023333333333333,24.296666666666667,11.493333333333334,12.803333333333335,249.6,30
khaishi,Khaishi,700.0,42.57,42.11,1992,7,19.451612903225808,26.019354838709678,14.403225806451612,11.616129032258065,284.3,31
khaishi,Khaishi,700.0,42.57,42.11,1992,8,21.29032258064516,31.31935483870968,14.922580645161291,16.39677419354839,149.2,31
khaishi,Khaishi,700.0,42.57,42.11,1992,9,17.279999999999998,22.956666666666667,13.456666666666667,9.5,246.5,30
khaishi,Khaishi,700.0,42.57,42.11,1992,10,13.100000000000001,19.419354838709676,7.909677419354838,11.509677419354839,351.1,31
khaishi,Khaishi,700.0,42.57,42.11,1992,12,1.4096774193548387,3.890322580645161,-0.7258064516129032,4.616129032258065,119.6,31
